7.736753198847679869e+00 -1.592583788800556954e+00 9.423572714796199179e+00
5.589815590221654418e+00 -1.147847915853534850e+00 6.791999502091925045e+00
4.380207738395785810e+00 -8.972789185319847149e-01 5.309342713207012565e+00
3.604076089165539898e+00 -7.365040617520869359e-01 4.358012199716492674e+00
3.063816108576250308e+00 -6.245897736422026947e-01 3.695797477172798828e+00
2.666086781954421614e+00 -5.422005609510193169e-01 3.208287342905440820e+00
2.361057823286973001e+00 -4.790141322154841119e-01 2.834403149204049122e+00
2.119702814960279014e+00 -4.290176954829783562e-01 2.538566245461411519e+00
1.923968408988942391e+00 -3.884715186608496129e-01 2.298648039413312194e+00
1.762036781735349500e+00 -3.549275519824480196e-01 2.100163029481942001e+00
1.625847475782622453e+00 -3.267160801513234736e-01 1.933231243498956253e+00
1.509714079198483994e+00 -3.026591689021870257e-01 1.790882656225959435e+00
1.409510134899318201e+00 -2.819020269798634959e-01 1.668059331241796617e+00
1.322168544311941751e+00 -2.638093081330791234e-01 1.561001823272658351e+00
1.245362117184009909e+00 -2.478989373428711063e-01 1.466857617413439119e+00
1.177293142775746482e+00 -2.337985207157474155e-01 1.383423199501464529e+00
7.866436187489341592e+00 -1.600115521693933340e+00 9.581530070023557499e+00
5.657032057878388365e+00 -1.147903224381154885e+00 6.873672002282367188e+00
4.421273276628197912e+00 -8.949728935720105971e-01 5.359119123185694278e+00
3.631764338814244208e+00 -7.333792558427792985e-01 4.391492549956764080e+00
3.083753910562152534e+00 -6.212145995945466126e-01 3.719847901763754017e+00
2.681134869856888425e+00 -5.388080905729243364e-01 3.226395751933680334e+00
2.372823487645273399e+00 -4.757041085675395853e-01 2.848527596212813151e+00
2.129158344648641954e+00 -4.258316689297281799e-01 2.549890233112146021e+00
1.931736418467651761e+00 -3.854241121673807613e-01 2.307928815373538445e+00
1.768534425954614520e+00 -3.520205591590231942e-01 2.107907539874391389e+00
1.631364746305578040e+00 -3.239451993258399276e-01 1.939791612729581338e+00
1.514458836520535590e+00 -3.000173495835460336e-01 1.796511075350575748e+00
1.413635270859684212e+00 -2.793811718740439320e-01 1.672941148946371692e+00
1.325789033318978349e+00 -2.614011435233403735e-01 1.565276308522996818e+00
1.248566090547674756e+00 -2.455954500841714683e-01 1.470631437629770000e+00
1.180149295368458029e+00 -2.315921648960427848e-01 1.386779430515226785e+00
8.000540767381856710e+00 -1.607904051909873733e+00 9.744873041878021169e+00
5.725884731033286990e+00 -1.147959879247256954e+00 6.957332601498525726e+00
4.463116101408285630e+00 -8.926232202816573036e-01 5.409837698676709827e+00
3.659881311075266375e+00 -7.302060656921632864e-01 4.425491307225231097e+00
3.103952902982092699e+00 -6.177952098818400017e-01 3.744213393223271957e+00
2.696353792647604219e+00 -5.353771068433871294e-01 3.244709738444770064e+00
2.384707000996741044e+00 -4.723609305695826155e-01 2.862793518603530263e+00
2.138698610417284929e+00 -4.226170906812599659e-01 2.561315701098544562e+00
1.939567408802931991e+00 -3.823519981511156463e-01 2.317284837279488308e+00
1.775080168652003021e+00 -3.490920474702985943e-01 2.115709378607869784e+00
1.636919589755242876e+00 -3.211554486440132417e-01 1.946396658448564576e+00
1.519233511691034710e+00 -2.973588723950424395e-01 1.802174984212377984e+00
1.417784623311195702e+00 -2.768455181613577731e-01 1.677851625220349696e+00
1.329429404711943041e+00 -2.589797541646642887e-01 1.569574267664631595e+00
1.251786592314532376e+00 -2.432800797784427094e-01 1.474424725929955438e+00
1.183019339907184664e+00 -2.293750776553296067e-01 1.390151985789876088e+00
8.139296994219103354e+00 -1.615962740630589423e+00 9.913881844359442752e+00
5.796434089378311505e+00 -1.148017930217089644e+00 7.043054786607910955e+00
4.505758492252950553e+00 -8.902286475602800842e-01 5.461525445155091418e+00
3.688437041099632108e+00 -7.269833587657075213e-01 4.460020605924585269e+00
3.124418252171039079e+00 -6.143307299202406258e-01 3.768900183559757533e+00
2.711746476063593203e+00 -5.319069501785388399e-01 3.263232823181219100e+00
2.396710142878485161e+00 -4.689840975860661287e-01 2.877203052675251893e+00
2.148324756441300831e+00 -4.193735752094995273e-01 2.572844019690180506e+00
1.947462149059333569e+00 -3.792548749064174607e-01 2.326717023965750641e+00
1.781674545881357652e+00 -3.461417770901804025e-01 2.123569184602333237e+00
1.642512391253636350e+00 -3.183466346900627464e-01 1.953046838589341583e+00
1.524038388573353719e+00 -2.946835792852392499e-01 1.807874719541344710e+00
1.421958406124936181e+00 -2.742949351459936236e-01 1.682791013165604754e+00
1.333089822721849282e+00 -2.565450308189627937e-01 1.573895894594863343e+00
1.255023750713456065e+00 -2.409527342359167879e-01 1.478237633349182456e+00
1.185903377991880170e+00 -2.271471805084329942e-01 1.393540984714312536e+00
8.282951165126389625e+00 -1.624305892308585575e+00 1.008885647396636820e+01
5.868743630501028541e+00 -1.148077429539083649e+00 7.130915711422877834e+00
4.549223588362185211e+00 -8.877878760318932416e-01 5.514210410135981455e+00
3.717441879692719997e+00 -7.237099669051124673e-01 4.495092962143554693e+00
3.145155261621338294e+00 -6.108202619071598782e-01 3.793914670230805974e+00
2.727315913034040307e+00 -5.283969458465469504e-01 3.281968607742526967e+00
2.408834728837167205e+00 -4.655730988508810508e-01 2.891758377955782500e+00
2.158037947588306249e+00 -4.161007300140327492e-01 2.584476583938091210e+00
1.955421420874024152e+00 -3.761324357953619302e-01 2.336226309287961822e+00
1.788318101691896533e+00 -3.431695046154891182e-01 2.131487606307385541e+00
1.648143541204121654e+00 -3.155185613957949831e-01 1.959742617365185957e+00
1.528873754633329973e+00 -2.919913101968756308e-01 1.813610622340842138e+00
1.426156835697844460e+00 -2.717292905885834164e-01 1.687759568873188565e+00
1.336770453393445024e+00 -2.540968630417292373e-01 1.578241385352355142e+00
1.258277695303156696e+00 -2.386133203107282386e-01 1.482070312488994901e+00
1.188801512215650558e+00 -2.249083942029609373e-01 1.396946547844477582e+00
8.431767277674911298e+00 -1.632948839403545849e+00 1.027011848681475215e+01
5.942880060501966710e+00 -1.148138432101838191e+00 7.220996428313446458e+00
4.593535430488351778e+00 -8.852995556941187782e-01 5.567921733925274452e+00
3.746906505824014300e+00 -7.203846849165880251e-01 4.530721288783571943e+00
3.166169376564961446e+00 -6.072628840456320010e-01 3.819263421670640479e+00
2.743065165620495627e+00 -5.248464035302753405e-01 3.300920776919970212e+00
2.421082611344587576e+00 -4.621274132098313059e-01 2.906461718300825225e+00
2.167839369888447720e+00 -4.127981554637882855e-01 2.596214814237661539e+00
1.963446018714846142e+00 -3.729843691465478672e-01 2.345813642431118229e+00
1.795011388277902853e+00 -3.401749829990304841e-01 2.139465301880694614e+00
1.653813435382305741e+00 -3.126710299949900795e-01 1.966484465377295709e+00
1.533739900996646366e+00 -2.892819030349546572e-01 1.819383037955689453e+00
1.430380130990155374e+00 -2.691484506833546897e-01 1.692757551467639399e+00
1.340471464610355934e+00 -2.516351391653443015e-01 1.582610938146819191e+00
1.261548556989501302e+00 -2.362617438884931920e-01 1.485922917537692678e+00
1.191713846176950975e+00 -2.226586387099121489e-01 1.400368796917686121e+00
8.586028649052039441e+00 -1.641908036420426820e+00 1.045801297083074211e+01
6.018913499243311094e+00 -1.148200995602916219e+00 7.313382137598190447e+00
4.638719005275764751e+00 -8.827622834282365938e-01 5.622689703364563307e+00
3.776841939736033105e+00 -7.170062690913630021e-01 4.566918911409954873e+00
3.187466188740323059e+00 -6.036576497373109529e-01 3.844953183040196620e+00
2.758997367024437430e+00 -5.212546168746530206e-01 3.320093101112439271e+00
2.433455680741141602e+00 -4.586465088551732183e-01 2.921315343026580358e+00
2.177730231017112050e+00 -4.094654446343551912e-01 2.608060156906720550e+00
1.971536750144616157e+00 -3.698103581513796367e-01 2.355479988225347654e+00
1.801754966131681179e+00 -3.371579614811370251e-01 2.147502939370299124e+00
1.659522475028729627e+00 -3.098038389768258960e-01 1.973272859725005324e+00
1.538637122507226618e+00 -2.865551936342047301e-01 1.825192316141431181e+00
1.434628513563438901e+00 -2.665522800348638088e-01 1.697785223151998535e+00
1.344193026120589218e+00 -2.491597462820926978e-01 1.587004753389125167e+00
1.264836468043043727e+00 -2.338979098736841955e-01 1.489795604290981901e+00
1.194640484491908961e+00 -2.203978332141359742e-01 1.403807854867107796e+00
8.746039716284061072e+00 -1.651201164462886339e+00 1.065291073847023284e+01
6.096917701558187019e+00 -1.148265180730885904e+00 7.408162456328295065e+00
4.684800292243476605e+00 -8.801746003608955649e-01 5.678545808779970727e+00
3.807259556686964697e+00 -7.135734356547516199e-01 4.603699584869364259e+00
3.209051441352965828e+00 -6.000035867427138125e-01 3.870990882211056139e+00
2.775115723665330325e+00 -5.176208630182024262e-01 3.339489438827111911e+00
2.445955866208459728e+00 -4.551298430519943317e-01 2.936321568077382427e+00
2.187711760790991278e+00 -4.061021831408426763e-01 2.620014084779629826e+00
1.979694436092058085e+00 -3.666100807577885590e-01 2.365226327469603262e+00
1.808549404200025412e+00 -3.341181855196709849e-01 2.155601196901102856e+00
1.665271066943527556e+00 -3.069167840383433821e-01 1.980108284118344164e+00
1.543565717786796299e+00 -2.838110157259234323e-01 1.831038811134989563e+00
1.438902207619352058e+00 -2.639406416343190176e-01 1.702842849253670909e+00
1.347935309562489747e+00 -2.466705702269019473e-01 1.591423033721947711e+00
1.268141562116862575e+00 -2.315217221768124112e-01 1.493688530172982976e+00
1.197581532806856641e+00 -2.181258961046566303e-01 1.407263845836494109e+00
8.912128041577346949e+00 -1.660847247699554607e+00 1.085521076927813233e+01
6.176970295886698992e+00 -1.148331051361682897e+00 7.505431708246292466e+00
4.731806313596455205e+00 -8.775349890669791320e-01 5.735522804359339588e+00
3.838171101362710669e+00 -7.100848591396551335e-01 4.641077510716699273e+00
3.230931034239138633e+00 -5.962996963071028889e-01 3.897383635994135620e+00
2.791423517331932391e+00 -5.139444021080453728e-01 3.359113739268269505e+00
2.458585136772156066e+00 -4.515768618561103454e-01 2.951482757229479059e+00
2.197785211677838912e+00 -4.027079489661190004e-01 2.632078097817770690e+00
1.987919911129473416e+00 -3.633832095613016011e-01 2.375053657263408891e+00
1.815395280044234338e+00 -3.310553967184360902e-01 2.163760762865595044e+00
1.671059623583056153e+00 -3.040096580359186729e-01 1.986991228992932346e+00
1.548525989295582495e+00 -2.810492009041804518e-01 1.836922881726669399e+00
1.443201440039081573e+00 -2.613133968354786618e-01 1.707930698271102221e+00
1.351698488491130723e+00 -2.441674955597910313e-01 1.595865984050921504e+00
1.271463974264670282e+00 -2.291330837014070310e-01 1.497601854257561982e+00
1.200537097811043674e+00 -2.158427449648527563e-01 1.410736895195115803e+00
9.084646550572534451e+00 -1.670866783357433549e+00 1.106534293614194198e+01
6.259153041961849517e+00 -1.148398674770643169e+00 7.605289236891675131e+00
4.779765187065926568e+00 -8.748418706023696201e-01 5.793654772201122682e+00
3.869588702996768159e+00 -7.065391706801839034e-01 4.679067355497905645e+00
3.253111029242062635e+00 -5.925449522503637434e-01 3.924138756624924618e+00
2.807924107409897729e+00 -5.102244767977071049e-01 3.378970045017926971e+00
2.471345502335805744e+00 -4.479869998231773010e-01 2.966801323332299400e+00
2.207951859320371746e+00 -3.992823122842827921e-01 2.644253723736971651e+00
1.996214023757363121e+00 -3.601294116933833611e-01 2.384962991346909256e+00
1.822293180003773383e+00 -3.279693327539568437e-01 2.171982336118919221e+00
1.676888563158543732e+00 -3.010822509357195531e-01 1.993922191627281348e+00
1.553518243394187426e+00 -2.782695785913669173e-01 1.842844891333555557e+00
1.447526440423493321e+00 -2.586704053301153716e-01 1.713049041921293592e+00
1.355482738405140219e+00 -2.416504055480238056e-01 1.600333811576316378e+00
1.274803840959209289e+00 -2.267318963307898561e-01 1.501535737289998895e+00
1.203507287249538038e+00 -2.135482965624914686e-01 1.414227129552923401e+00
9.263976035695421274e+00 -1.681281887111593099e+00 1.128377105444022099e+01
6.343552109343444378e+00 -1.148468121861693003e+00 7.707839744038206931e+00
4.828706181995954694e+00 -8.720936013544210441e-01 5.852977190298126686e+00
3.901524891238814075e+00 -7.029349562207778401e-01 4.717684269938105857e+00
3.275597655811171904e+00 -5.887383000191370730e-01 3.951263758517697955e+00
2.824620933188859873e+00 -5.064603117270037869e-01 3.399062494812105317e+00
2.484239014747287477e+00 -4.443596797086984407e-01 2.982279729588579897e+00
2.218213003074783085e+00 -3.958248352792128055e-01 2.656542518652434737e+00
2.004577636696206699e+00 -3.568483487069711302e-01 2.394955360449470216e+00
1.829243699363678033e+00 -3.248597273005817132e-01 2.180266626178400280e+00
1.682758309736809732e+00 -2.981343497631208650e-01 2.000901676262555995e+00
1.558542790406665324e+00 -2.754719760030760467e-01 1.848805208074335793e+00
1.451877441134006075e+00 -2.560115251230377642e-01 1.718198155188172649e+00
1.359288236773987357e+00 -2.391191821479623780e-01 1.604826725825250655e+00
1.278161300110938425e+00 -2.243180609146405713e-01 1.505490341708996871e+00
1.206492209936319115e+00 -2.112424668396140626e-01 1.417734676775933123e+00
9.450527961973302027e+00 -1.692116456041504735e+00 1.151099629960207160e+01
6.430258378794844631e+00 -1.148539467415361059e+00 7.813193655886808919e+00
4.878659778911456968e+00 -8.692884696969506164e-01 5.913527004741159665e+00
3.933992612815687018e+00 -6.992707546359201443e-01 4.756943909087891775e+00
3.298397316835232296e+00 -5.848786556993718078e-01 3.978766365301848129e+00
2.841517516252345388e+00 -5.026511129832668123e-01 3.419395326416780900e+00
2.497267768898703721e+00 -4.406943121585948364e-01 2.997920490874794286e+00
2.228569966564357685e+00 -3.923350719580366297e-01 2.668946067741745587e+00
2.013011627185619101e+00 -3.535396764591230978e-01 2.405031812647095535e+00
1.836247442525821727e+00 -3.217263099538686388e-01 2.188614353427677628e+00
1.688669293343120659e+00 -2.951657385510567666e-01 2.007930194224875731e+00
1.563599944684831433e+00 -2.726562181123015627e-01 1.854804204845588611e+00
1.456254677334213765e+00 -2.533366125066620622e-01 1.723378316371850349e+00
1.363115163065730329e+00 -2.365737059866143410e-01 1.609344938684451165e+00
1.281536491087022389e+00 -2.218914772553501613e-01 1.509465831669048574e+00
1.209491975767571503e+00 -2.089251709022714731e-01 1.421259666001846611e+00
9.644747618826940538e+00 -1.703396351680763088e+00 1.174756104607422635e+01
6.519367768717510003e+00 -1.148612790357276925e+00 7.921467519705357674e+00
4.929657732821869587e+00 -8.664246924353589119e-01 5.975342706450750718e+00
3.967005249030963299e+00 -6.955450557551265955e-01 4.796862453483631050e+00
3.321516594720579807e+00 -5.809649049873150117e-01 4.006654517153895867e+00
2.858617462953837229e+00 -4.987960675430883617e-01 3.439972879607505529e+00
2.510433903860986415e+00 -4.369902953899676423e-01 3.013726175103224936e+00
2.239024098248580952e+00 -3.888125679593343875e-01 2.681465985926443807e+00
2.021516887291019415e+00 -3.502030449906784471e-01 2.415193413728816463e+00
1.843305023184068636e+00 -3.185688061521930181e-01 2.197026249325468861e+00
1.694621950066168115e+00 -2.921761982872703722e-01 2.015008264050140330e+00
1.568690024673788264e+00 -2.698221276129291746e-01 1.860842259399511311e+00
1.460658387032223393e+00 -2.506455220351152535e-01 1.728589807138725787e+00
1.366963698775203850e+00 -2.340138563428625085e-01 1.613888664433534403e+00
1.284929554730591006e+00 -2.194520440941527539e-01 1.513462373063122257e+00
1.212506695735151796e+00 -2.065963230101022508e-01 1.424802227655877385e+00
9.847117668659061351e+00 -1.715149606112357894e+00 1.199405318959690625e+01
6.610981589110529022e+00 -1.148688174049581567e+00 8.032784433913157329e+00
4.981733140538007198e+00 -8.635004110265879218e-01 6.038464412773341117e+00
4.000576634153651945e+00 -6.917562982877536459e-01 4.837456631382892169e+00
3.344962257727181143e+00 -5.769959021169925872e-01 4.034936378440507454e+00
2.875924466983074801e+00 -4.948943426938384182e-01 3.460799599257610826e+00
2.523739604054801244e+00 -4.332470148617486028e-01 3.029699404627612225e+00
2.249576772008517356e+00 -3.852568603559496374e-01 2.694103918573074186e+00
2.030094324218253199e+00 -3.468380984028796021e-01 2.425441247572584391e+00
1.850417064503601994e+00 -3.153869370965614594e-01 2.205503056619310787e+00
1.700616722165377404e+00 -2.891655068604625511e-01 2.022136411611625828e+00
1.573813352978820301e+00 -2.669695248825282308e-01 1.866919754423274069e+00
1.465088811123840706e+00 -2.479381064978807558e-01 1.733832912572592422e+00
1.370834027452751736e+00 -2.314395111283866491e-01 1.618458119778927395e+00
1.288340633380366418e+00 -2.169996590970463823e-01 1.517480133545778820e+00
1.215536481940308056e+00 -2.042558365657626829e-01 1.428362493466871719e+00
1.005816215176178652e+01 -1.727406654565666111e+00 1.225111102528841123e+01
6.705206925798191442e+00 -1.148765706606980519e+00 8.147274514943124046e+00
5.034920512300284479e+00 -8.605136875567758192e-01 6.102933954303374264e+00
4.034721074747997349e+00 -6.879028676414361554e-01 4.878743742137844563e+00
3.368741266574547755e+00 -5.729704687418711861e-01 4.063620345687029456e+00
2.893442312025849894e+00 -4.909450854339890147e-01 3.481880038538928801e+00
2.537187100458668798e+00 -4.294638429347806818e-01 3.045842857693479733e+00
2.260229387748646790e+00 -3.816674774521666702e-01 2.706861542213947924e+00
2.038744860636112932e+00 -3.434444747308146861e-01 2.435776416530600397e+00
1.857584199304299633e+00 -3.121804196685414312e-01 2.214045529564123260e+00
1.706654058180400169e+00 -2.861334390052751586e-01 2.029315170250178380e+00
1.578970256433517738e+00 -2.640982279443961911e-01 1.873037077619831070e+00
1.469546193436466197e+00 -2.452142168929487831e-01 1.739107921226586972e+00
1.374726334733380684e+00 -2.288505468682487387e-01 1.623053523888288829e+00
1.291769870890543848e+00 -2.145342188404790185e-01 1.521519282556588637e+00
1.218581447607554935e+00 -2.019036241041894664e-01 1.431940596483613160e+00
1.027845101750678047e+01 -1.740200598579101809e+00 1.251942876675612659e+01
6.802157057991470523e+00 -1.148845481240357680e+00 8.265075404606889720e+00
5.089255848045324271e+00 -8.574625004585455512e-01 6.168794967327665191e+00
4.069453370001951065e+00 -6.839830936278974427e-01 4.920741680776240301e+00
3.392860781331640485e+00 -5.688873927685139664e-01 4.092715055888588971e+00
2.911174874521759826e+00 -4.869474218514135422e-01 3.503218862240384812e+00
2.550778671856024804e+00 -4.256401385209933053e-01 3.062159269935203376e+00
2.270983372015967117e+00 -3.780439385751130921e-01 2.719740565288583323e+00
2.047469435007209348e+00 -3.400218058136225685e-01 2.446200041824622584e+00
1.864807070248451382e+00 -3.089489663462869351e-01 2.222654434145948876e+00
1.712734413042997561e+00 -2.830797662461078112e-01 2.036545080907250060e+00
1.584161066169286869e+00 -2.612080524288622474e-01 1.879194621790375663e+00
1.474030780773834870e+00 -2.424737023994828766e-01 1.744415125176135728e+00
1.378640808366449866e+00 -2.262468386811529175e-01 1.627675098425560352e+00
1.295217412651020750e+00 -2.120556187968102302e-01 1.525579991343958275e+00
1.221641707098783725e+00 -1.995395972817049779e-01 1.435536671091402594e+00
1.050860526430729003e+01 -1.753567504518999787e+00 1.279976280670802602e+01
6.901951912605764683e+00 -1.148927596630607173e+00 8.386332822121220332e+00
5.144776718664629378e+00 -8.543447399479445759e-01 6.236092992320762640e+00
4.104788833114670688e+00 -6.799952480492259532e-01 4.963468963862962546e+00
3.417328168604841565e+00 -5.647454271397627235e-01 4.122229395180749378e+00
2.929126126523954099e+00 -4.829004564786784082e-01 3.524820850209331002e+00
2.564516646122558807e+00 -4.217752467212371181e-01 3.078651435921438750e+00
2.281840178636840299e+00 -3.743857538601761958e-01 2.732742728906395246e+00
2.056269001927367501e+00 -3.365697171613493133e-01 2.456713263951454618e+00
1.872086330032853851e+00 -3.056922851185947532e-01 2.231330548310910267e+00
1.718858248191316385e+00 -2.800042568397269616e-01 2.043826692260780398e+00
1.589386117686227173e+00 -2.582988115338233914e-01 1.885392784918418663e+00
1.478542822961570025e+00 -2.397164103499823673e-01 1.749754820072863870e+00
1.382577638245855223e+00 -2.236282602593650248e-01 1.632323067586605836e+00
1.298683405607943486e+00 -2.095637533195385815e-01 1.529662432989332688e+00
1.224717375927579344e+00 -1.971636668649569546e-01 1.439150853028882793e+00
1.074930278595906330e+01 -1.767546743123597608e+00 1.309293883795257329e+01
7.004718559166030367e+00 -1.149012157335861595e+00 8.511201165450826167e+00
5.201522352640825630e+00 -8.511582031594078224e-01 6.304875578958576199e+00
4.140743313808039616e+00 -6.759375421572979548e-01 5.006944756720725032e+00
3.442151009039204013e+00 -5.605432885648884422e-01 4.152172507888062469e+00
2.947300138665349678e+00 -4.788032716243347808e-01 3.546690900920998146e+00
2.578403401555375840e+00 -4.178684984513514333e-01 3.095322210750750980e+00
2.292801289372188744e+00 -3.706924240302341134e-01 2.745869807631363457e+00
2.065144532473804695e+00 -3.330878278183555530e-01 2.467317243098929858e+00
1.879422641585429821e+00 -3.024100793969404233e-01 2.240074662199558642e+00
1.725026031686621275e+00 -2.769066757166395165e-01 2.051160560863996452e+00
1.594645750925417493e+00 -2.553703159844974424e-01 1.891631970255536643e+00
1.483082572893574591e+00 -2.369421862019320257e-01 1.755127305199496446e+00
1.386537016440740899e+00 -2.209946838482881037e-01 1.636997658135467271e+00
1.302167998284586847e+00 -2.070585156282911954e-01 1.533766782431786435e+00
1.227808570773755159e+00 -1.947757427196908642e-01 1.442783279405117414e+00
1.100128504027134468e+01 -1.782181376804005790e+00 1.339985997596996725e+01
7.110591749593537791e+00 -1.149099274235650725e+00 8.639844167185342982e+00
5.259533728481317283e+00 -8.479005889551698427e-01 6.375192398159171603e+00
4.177333222031734294e+00 -6.718081239785013148e-01 5.051188902093994848e+00
3.467337105149018939e+00 -5.562796561939921114e-01 4.182553805969865479e+00
2.965701083235955604e+00 -4.746549266791601496e-01 3.568834035181655207e+00
2.592441368245580691e+00 -4.139192100560170617e-01 3.112174511699376200e+00
2.303868214591672903e+00 -3.669634401684940261e-01 2.759123610289428541e+00
2.074097014562367391e+00 -3.295757502231718705e-01 2.478013159572720614e+00
1.886816678266481917e+00 -2.991020479254375419e-01 2.248887578386748132e+00
1.731238238332552859e+00 -2.737867844212003576e-01 2.058547251287220714e+00
1.599940310342640393e+00 -2.524223739923738830e-01 1.897912586408825986e+00
1.487650286579281111e+00 -2.341508735089282700e-01 1.760532883525776304e+00
1.390519137226732926e+00 -2.183459802256853266e-01 1.641699099441243037e+00
1.305671340802568636e+00 -2.045397977935708156e-01 1.537893216493013471e+00
1.230915409498106960e+00 -1.923757337993516059e-01 1.446434088716929356e+00
