9.100000000000000000e+02 4.150000000000000000e+02 1.000000000000000000e+00
9.110000000000000000e+02 4.150000000000000000e+02 1.000000000000000000e+00
9.120000000000000000e+02 4.150000000000000000e+02 1.000000000000000000e+00
9.130000000000000000e+02 4.150000000000000000e+02 1.000000000000000000e+00
9.140000000000000000e+02 4.150000000000000000e+02 1.000000000000000000e+00
9.150000000000000000e+02 4.150000000000000000e+02 1.000000000000000000e+00
9.160000000000000000e+02 4.150000000000000000e+02 1.000000000000000000e+00
9.170000000000000000e+02 4.150000000000000000e+02 1.000000000000000000e+00
9.180000000000000000e+02 4.150000000000000000e+02 1.000000000000000000e+00
9.190000000000000000e+02 4.150000000000000000e+02 1.000000000000000000e+00
9.200000000000000000e+02 4.150000000000000000e+02 1.000000000000000000e+00
9.210000000000000000e+02 4.150000000000000000e+02 1.000000000000000000e+00
9.220000000000000000e+02 4.150000000000000000e+02 1.000000000000000000e+00
9.230000000000000000e+02 4.150000000000000000e+02 1.000000000000000000e+00
9.240000000000000000e+02 4.150000000000000000e+02 1.000000000000000000e+00
9.250000000000000000e+02 4.150000000000000000e+02 1.000000000000000000e+00
9.100000000000000000e+02 4.160000000000000000e+02 1.000000000000000000e+00
9.110000000000000000e+02 4.160000000000000000e+02 1.000000000000000000e+00
9.120000000000000000e+02 4.160000000000000000e+02 1.000000000000000000e+00
9.130000000000000000e+02 4.160000000000000000e+02 1.000000000000000000e+00
9.140000000000000000e+02 4.160000000000000000e+02 1.000000000000000000e+00
9.150000000000000000e+02 4.160000000000000000e+02 1.000000000000000000e+00
9.160000000000000000e+02 4.160000000000000000e+02 1.000000000000000000e+00
9.170000000000000000e+02 4.160000000000000000e+02 1.000000000000000000e+00
9.180000000000000000e+02 4.160000000000000000e+02 1.000000000000000000e+00
9.190000000000000000e+02 4.160000000000000000e+02 1.000000000000000000e+00
9.200000000000000000e+02 4.160000000000000000e+02 1.000000000000000000e+00
9.210000000000000000e+02 4.160000000000000000e+02 1.000000000000000000e+00
9.220000000000000000e+02 4.160000000000000000e+02 1.000000000000000000e+00
9.230000000000000000e+02 4.160000000000000000e+02 1.000000000000000000e+00
9.240000000000000000e+02 4.160000000000000000e+02 1.000000000000000000e+00
9.250000000000000000e+02 4.160000000000000000e+02 1.000000000000000000e+00
9.100000000000000000e+02 4.170000000000000000e+02 1.000000000000000000e+00
9.110000000000000000e+02 4.170000000000000000e+02 1.000000000000000000e+00
9.120000000000000000e+02 4.170000000000000000e+02 1.000000000000000000e+00
9.130000000000000000e+02 4.170000000000000000e+02 1.000000000000000000e+00
9.140000000000000000e+02 4.170000000000000000e+02 1.000000000000000000e+00
9.150000000000000000e+02 4.170000000000000000e+02 1.000000000000000000e+00
9.160000000000000000e+02 4.170000000000000000e+02 1.000000000000000000e+00
9.170000000000000000e+02 4.170000000000000000e+02 1.000000000000000000e+00
9.180000000000000000e+02 4.170000000000000000e+02 1.000000000000000000e+00
9.190000000000000000e+02 4.170000000000000000e+02 1.000000000000000000e+00
9.200000000000000000e+02 4.170000000000000000e+02 1.000000000000000000e+00
9.210000000000000000e+02 4.170000000000000000e+02 1.000000000000000000e+00
9.220000000000000000e+02 4.170000000000000000e+02 1.000000000000000000e+00
9.230000000000000000e+02 4.170000000000000000e+02 1.000000000000000000e+00
9.240000000000000000e+02 4.170000000000000000e+02 1.000000000000000000e+00
9.250000000000000000e+02 4.170000000000000000e+02 1.000000000000000000e+00
9.100000000000000000e+02 4.180000000000000000e+02 1.000000000000000000e+00
9.110000000000000000e+02 4.180000000000000000e+02 1.000000000000000000e+00
9.120000000000000000e+02 4.180000000000000000e+02 1.000000000000000000e+00
9.130000000000000000e+02 4.180000000000000000e+02 1.000000000000000000e+00
9.140000000000000000e+02 4.180000000000000000e+02 1.000000000000000000e+00
9.150000000000000000e+02 4.180000000000000000e+02 1.000000000000000000e+00
9.160000000000000000e+02 4.180000000000000000e+02 1.000000000000000000e+00
9.170000000000000000e+02 4.180000000000000000e+02 1.000000000000000000e+00
9.180000000000000000e+02 4.180000000000000000e+02 1.000000000000000000e+00
9.190000000000000000e+02 4.180000000000000000e+02 1.000000000000000000e+00
9.200000000000000000e+02 4.180000000000000000e+02 1.000000000000000000e+00
9.210000000000000000e+02 4.180000000000000000e+02 1.000000000000000000e+00
9.220000000000000000e+02 4.180000000000000000e+02 1.000000000000000000e+00
9.230000000000000000e+02 4.180000000000000000e+02 1.000000000000000000e+00
9.240000000000000000e+02 4.180000000000000000e+02 1.000000000000000000e+00
9.250000000000000000e+02 4.180000000000000000e+02 1.000000000000000000e+00
9.100000000000000000e+02 4.190000000000000000e+02 1.000000000000000000e+00
9.110000000000000000e+02 4.190000000000000000e+02 1.000000000000000000e+00
9.120000000000000000e+02 4.190000000000000000e+02 1.000000000000000000e+00
9.130000000000000000e+02 4.190000000000000000e+02 1.000000000000000000e+00
9.140000000000000000e+02 4.190000000000000000e+02 1.000000000000000000e+00
9.150000000000000000e+02 4.190000000000000000e+02 1.000000000000000000e+00
9.160000000000000000e+02 4.190000000000000000e+02 1.000000000000000000e+00
9.170000000000000000e+02 4.190000000000000000e+02 1.000000000000000000e+00
9.180000000000000000e+02 4.190000000000000000e+02 1.000000000000000000e+00
9.190000000000000000e+02 4.190000000000000000e+02 1.000000000000000000e+00
9.200000000000000000e+02 4.190000000000000000e+02 1.000000000000000000e+00
9.210000000000000000e+02 4.190000000000000000e+02 1.000000000000000000e+00
9.220000000000000000e+02 4.190000000000000000e+02 1.000000000000000000e+00
9.230000000000000000e+02 4.190000000000000000e+02 1.000000000000000000e+00
9.240000000000000000e+02 4.190000000000000000e+02 1.000000000000000000e+00
9.250000000000000000e+02 4.190000000000000000e+02 1.000000000000000000e+00
9.100000000000000000e+02 4.200000000000000000e+02 1.000000000000000000e+00
9.110000000000000000e+02 4.200000000000000000e+02 1.000000000000000000e+00
9.120000000000000000e+02 4.200000000000000000e+02 1.000000000000000000e+00
9.130000000000000000e+02 4.200000000000000000e+02 1.000000000000000000e+00
9.140000000000000000e+02 4.200000000000000000e+02 1.000000000000000000e+00
9.150000000000000000e+02 4.200000000000000000e+02 1.000000000000000000e+00
9.160000000000000000e+02 4.200000000000000000e+02 1.000000000000000000e+00
9.170000000000000000e+02 4.200000000000000000e+02 1.000000000000000000e+00
9.180000000000000000e+02 4.200000000000000000e+02 1.000000000000000000e+00
9.190000000000000000e+02 4.200000000000000000e+02 1.000000000000000000e+00
9.200000000000000000e+02 4.200000000000000000e+02 1.000000000000000000e+00
9.210000000000000000e+02 4.200000000000000000e+02 1.000000000000000000e+00
9.220000000000000000e+02 4.200000000000000000e+02 1.000000000000000000e+00
9.230000000000000000e+02 4.200000000000000000e+02 1.000000000000000000e+00
9.240000000000000000e+02 4.200000000000000000e+02 1.000000000000000000e+00
9.250000000000000000e+02 4.200000000000000000e+02 1.000000000000000000e+00
9.100000000000000000e+02 4.210000000000000000e+02 1.000000000000000000e+00
9.110000000000000000e+02 4.210000000000000000e+02 1.000000000000000000e+00
9.120000000000000000e+02 4.210000000000000000e+02 1.000000000000000000e+00
9.130000000000000000e+02 4.210000000000000000e+02 1.000000000000000000e+00
9.140000000000000000e+02 4.210000000000000000e+02 1.000000000000000000e+00
9.150000000000000000e+02 4.210000000000000000e+02 1.000000000000000000e+00
9.160000000000000000e+02 4.210000000000000000e+02 1.000000000000000000e+00
9.170000000000000000e+02 4.210000000000000000e+02 1.000000000000000000e+00
9.180000000000000000e+02 4.210000000000000000e+02 1.000000000000000000e+00
9.190000000000000000e+02 4.210000000000000000e+02 1.000000000000000000e+00
9.200000000000000000e+02 4.210000000000000000e+02 1.000000000000000000e+00
9.210000000000000000e+02 4.210000000000000000e+02 1.000000000000000000e+00
9.220000000000000000e+02 4.210000000000000000e+02 1.000000000000000000e+00
9.230000000000000000e+02 4.210000000000000000e+02 1.000000000000000000e+00
9.240000000000000000e+02 4.210000000000000000e+02 1.000000000000000000e+00
9.250000000000000000e+02 4.210000000000000000e+02 1.000000000000000000e+00
9.100000000000000000e+02 4.220000000000000000e+02 1.000000000000000000e+00
9.110000000000000000e+02 4.220000000000000000e+02 1.000000000000000000e+00
9.120000000000000000e+02 4.220000000000000000e+02 1.000000000000000000e+00
9.130000000000000000e+02 4.220000000000000000e+02 1.000000000000000000e+00
9.140000000000000000e+02 4.220000000000000000e+02 1.000000000000000000e+00
9.150000000000000000e+02 4.220000000000000000e+02 1.000000000000000000e+00
9.160000000000000000e+02 4.220000000000000000e+02 1.000000000000000000e+00
9.170000000000000000e+02 4.220000000000000000e+02 1.000000000000000000e+00
9.180000000000000000e+02 4.220000000000000000e+02 1.000000000000000000e+00
9.190000000000000000e+02 4.220000000000000000e+02 1.000000000000000000e+00
9.200000000000000000e+02 4.220000000000000000e+02 1.000000000000000000e+00
9.210000000000000000e+02 4.220000000000000000e+02 1.000000000000000000e+00
9.220000000000000000e+02 4.220000000000000000e+02 1.000000000000000000e+00
9.230000000000000000e+02 4.220000000000000000e+02 1.000000000000000000e+00
9.240000000000000000e+02 4.220000000000000000e+02 1.000000000000000000e+00
9.250000000000000000e+02 4.220000000000000000e+02 1.000000000000000000e+00
9.100000000000000000e+02 4.230000000000000000e+02 1.000000000000000000e+00
9.110000000000000000e+02 4.230000000000000000e+02 1.000000000000000000e+00
9.120000000000000000e+02 4.230000000000000000e+02 1.000000000000000000e+00
9.130000000000000000e+02 4.230000000000000000e+02 1.000000000000000000e+00
9.140000000000000000e+02 4.230000000000000000e+02 1.000000000000000000e+00
9.150000000000000000e+02 4.230000000000000000e+02 1.000000000000000000e+00
9.160000000000000000e+02 4.230000000000000000e+02 1.000000000000000000e+00
9.170000000000000000e+02 4.230000000000000000e+02 1.000000000000000000e+00
9.180000000000000000e+02 4.230000000000000000e+02 1.000000000000000000e+00
9.190000000000000000e+02 4.230000000000000000e+02 1.000000000000000000e+00
9.200000000000000000e+02 4.230000000000000000e+02 1.000000000000000000e+00
9.210000000000000000e+02 4.230000000000000000e+02 1.000000000000000000e+00
9.220000000000000000e+02 4.230000000000000000e+02 1.000000000000000000e+00
9.230000000000000000e+02 4.230000000000000000e+02 1.000000000000000000e+00
9.240000000000000000e+02 4.230000000000000000e+02 1.000000000000000000e+00
9.250000000000000000e+02 4.230000000000000000e+02 1.000000000000000000e+00
9.100000000000000000e+02 4.240000000000000000e+02 1.000000000000000000e+00
9.110000000000000000e+02 4.240000000000000000e+02 1.000000000000000000e+00
9.120000000000000000e+02 4.240000000000000000e+02 1.000000000000000000e+00
9.130000000000000000e+02 4.240000000000000000e+02 1.000000000000000000e+00
9.140000000000000000e+02 4.240000000000000000e+02 1.000000000000000000e+00
9.150000000000000000e+02 4.240000000000000000e+02 1.000000000000000000e+00
9.160000000000000000e+02 4.240000000000000000e+02 1.000000000000000000e+00
9.170000000000000000e+02 4.240000000000000000e+02 1.000000000000000000e+00
9.180000000000000000e+02 4.240000000000000000e+02 1.000000000000000000e+00
9.190000000000000000e+02 4.240000000000000000e+02 1.000000000000000000e+00
9.200000000000000000e+02 4.240000000000000000e+02 1.000000000000000000e+00
9.210000000000000000e+02 4.240000000000000000e+02 1.000000000000000000e+00
9.220000000000000000e+02 4.240000000000000000e+02 1.000000000000000000e+00
9.230000000000000000e+02 4.240000000000000000e+02 1.000000000000000000e+00
9.240000000000000000e+02 4.240000000000000000e+02 1.000000000000000000e+00
9.250000000000000000e+02 4.240000000000000000e+02 1.000000000000000000e+00
9.100000000000000000e+02 4.250000000000000000e+02 1.000000000000000000e+00
9.110000000000000000e+02 4.250000000000000000e+02 1.000000000000000000e+00
9.120000000000000000e+02 4.250000000000000000e+02 1.000000000000000000e+00
9.130000000000000000e+02 4.250000000000000000e+02 1.000000000000000000e+00
9.140000000000000000e+02 4.250000000000000000e+02 1.000000000000000000e+00
9.150000000000000000e+02 4.250000000000000000e+02 1.000000000000000000e+00
9.160000000000000000e+02 4.250000000000000000e+02 1.000000000000000000e+00
9.170000000000000000e+02 4.250000000000000000e+02 1.000000000000000000e+00
9.180000000000000000e+02 4.250000000000000000e+02 1.000000000000000000e+00
9.190000000000000000e+02 4.250000000000000000e+02 1.000000000000000000e+00
9.200000000000000000e+02 4.250000000000000000e+02 1.000000000000000000e+00
9.210000000000000000e+02 4.250000000000000000e+02 1.000000000000000000e+00
9.220000000000000000e+02 4.250000000000000000e+02 1.000000000000000000e+00
9.230000000000000000e+02 4.250000000000000000e+02 1.000000000000000000e+00
9.240000000000000000e+02 4.250000000000000000e+02 1.000000000000000000e+00
9.250000000000000000e+02 4.250000000000000000e+02 1.000000000000000000e+00
9.100000000000000000e+02 4.260000000000000000e+02 1.000000000000000000e+00
9.110000000000000000e+02 4.260000000000000000e+02 1.000000000000000000e+00
9.120000000000000000e+02 4.260000000000000000e+02 1.000000000000000000e+00
9.130000000000000000e+02 4.260000000000000000e+02 1.000000000000000000e+00
9.140000000000000000e+02 4.260000000000000000e+02 1.000000000000000000e+00
9.150000000000000000e+02 4.260000000000000000e+02 1.000000000000000000e+00
9.160000000000000000e+02 4.260000000000000000e+02 1.000000000000000000e+00
9.170000000000000000e+02 4.260000000000000000e+02 1.000000000000000000e+00
9.180000000000000000e+02 4.260000000000000000e+02 1.000000000000000000e+00
9.190000000000000000e+02 4.260000000000000000e+02 1.000000000000000000e+00
9.200000000000000000e+02 4.260000000000000000e+02 1.000000000000000000e+00
9.210000000000000000e+02 4.260000000000000000e+02 1.000000000000000000e+00
9.220000000000000000e+02 4.260000000000000000e+02 1.000000000000000000e+00
9.230000000000000000e+02 4.260000000000000000e+02 1.000000000000000000e+00
9.240000000000000000e+02 4.260000000000000000e+02 1.000000000000000000e+00
9.250000000000000000e+02 4.260000000000000000e+02 1.000000000000000000e+00
9.100000000000000000e+02 4.270000000000000000e+02 1.000000000000000000e+00
9.110000000000000000e+02 4.270000000000000000e+02 1.000000000000000000e+00
9.120000000000000000e+02 4.270000000000000000e+02 1.000000000000000000e+00
9.130000000000000000e+02 4.270000000000000000e+02 1.000000000000000000e+00
9.140000000000000000e+02 4.270000000000000000e+02 1.000000000000000000e+00
9.150000000000000000e+02 4.270000000000000000e+02 1.000000000000000000e+00
9.160000000000000000e+02 4.270000000000000000e+02 1.000000000000000000e+00
9.170000000000000000e+02 4.270000000000000000e+02 1.000000000000000000e+00
9.180000000000000000e+02 4.270000000000000000e+02 1.000000000000000000e+00
9.190000000000000000e+02 4.270000000000000000e+02 1.000000000000000000e+00
9.200000000000000000e+02 4.270000000000000000e+02 1.000000000000000000e+00
9.210000000000000000e+02 4.270000000000000000e+02 1.000000000000000000e+00
9.220000000000000000e+02 4.270000000000000000e+02 1.000000000000000000e+00
9.230000000000000000e+02 4.270000000000000000e+02 1.000000000000000000e+00
9.240000000000000000e+02 4.270000000000000000e+02 1.000000000000000000e+00
9.250000000000000000e+02 4.270000000000000000e+02 1.000000000000000000e+00
9.100000000000000000e+02 4.280000000000000000e+02 1.000000000000000000e+00
9.110000000000000000e+02 4.280000000000000000e+02 1.000000000000000000e+00
9.120000000000000000e+02 4.280000000000000000e+02 1.000000000000000000e+00
9.130000000000000000e+02 4.280000000000000000e+02 1.000000000000000000e+00
9.140000000000000000e+02 4.280000000000000000e+02 1.000000000000000000e+00
9.150000000000000000e+02 4.280000000000000000e+02 1.000000000000000000e+00
9.160000000000000000e+02 4.280000000000000000e+02 1.000000000000000000e+00
9.170000000000000000e+02 4.280000000000000000e+02 1.000000000000000000e+00
9.180000000000000000e+02 4.280000000000000000e+02 1.000000000000000000e+00
9.190000000000000000e+02 4.280000000000000000e+02 1.000000000000000000e+00
9.200000000000000000e+02 4.280000000000000000e+02 1.000000000000000000e+00
9.210000000000000000e+02 4.280000000000000000e+02 1.000000000000000000e+00
9.220000000000000000e+02 4.280000000000000000e+02 1.000000000000000000e+00
9.230000000000000000e+02 4.280000000000000000e+02 1.000000000000000000e+00
9.240000000000000000e+02 4.280000000000000000e+02 1.000000000000000000e+00
9.250000000000000000e+02 4.280000000000000000e+02 1.000000000000000000e+00
9.100000000000000000e+02 4.290000000000000000e+02 1.000000000000000000e+00
9.110000000000000000e+02 4.290000000000000000e+02 1.000000000000000000e+00
9.120000000000000000e+02 4.290000000000000000e+02 1.000000000000000000e+00
9.130000000000000000e+02 4.290000000000000000e+02 1.000000000000000000e+00
9.140000000000000000e+02 4.290000000000000000e+02 1.000000000000000000e+00
9.150000000000000000e+02 4.290000000000000000e+02 1.000000000000000000e+00
9.160000000000000000e+02 4.290000000000000000e+02 1.000000000000000000e+00
9.170000000000000000e+02 4.290000000000000000e+02 1.000000000000000000e+00
9.180000000000000000e+02 4.290000000000000000e+02 1.000000000000000000e+00
9.190000000000000000e+02 4.290000000000000000e+02 1.000000000000000000e+00
9.200000000000000000e+02 4.290000000000000000e+02 1.000000000000000000e+00
9.210000000000000000e+02 4.290000000000000000e+02 1.000000000000000000e+00
9.220000000000000000e+02 4.290000000000000000e+02 1.000000000000000000e+00
9.230000000000000000e+02 4.290000000000000000e+02 1.000000000000000000e+00
9.240000000000000000e+02 4.290000000000000000e+02 1.000000000000000000e+00
9.250000000000000000e+02 4.290000000000000000e+02 1.000000000000000000e+00
9.100000000000000000e+02 4.300000000000000000e+02 1.000000000000000000e+00
9.110000000000000000e+02 4.300000000000000000e+02 1.000000000000000000e+00
9.120000000000000000e+02 4.300000000000000000e+02 1.000000000000000000e+00
9.130000000000000000e+02 4.300000000000000000e+02 1.000000000000000000e+00
9.140000000000000000e+02 4.300000000000000000e+02 1.000000000000000000e+00
9.150000000000000000e+02 4.300000000000000000e+02 1.000000000000000000e+00
9.160000000000000000e+02 4.300000000000000000e+02 1.000000000000000000e+00
9.170000000000000000e+02 4.300000000000000000e+02 1.000000000000000000e+00
9.180000000000000000e+02 4.300000000000000000e+02 1.000000000000000000e+00
9.190000000000000000e+02 4.300000000000000000e+02 1.000000000000000000e+00
9.200000000000000000e+02 4.300000000000000000e+02 1.000000000000000000e+00
9.210000000000000000e+02 4.300000000000000000e+02 1.000000000000000000e+00
9.220000000000000000e+02 4.300000000000000000e+02 1.000000000000000000e+00
9.230000000000000000e+02 4.300000000000000000e+02 1.000000000000000000e+00
9.240000000000000000e+02 4.300000000000000000e+02 1.000000000000000000e+00
9.250000000000000000e+02 4.300000000000000000e+02 1.000000000000000000e+00
9.100000000000000000e+02 4.310000000000000000e+02 1.000000000000000000e+00
9.110000000000000000e+02 4.310000000000000000e+02 1.000000000000000000e+00
9.120000000000000000e+02 4.310000000000000000e+02 1.000000000000000000e+00
9.130000000000000000e+02 4.310000000000000000e+02 1.000000000000000000e+00
9.140000000000000000e+02 4.310000000000000000e+02 1.000000000000000000e+00
9.150000000000000000e+02 4.310000000000000000e+02 1.000000000000000000e+00
9.160000000000000000e+02 4.310000000000000000e+02 1.000000000000000000e+00
9.170000000000000000e+02 4.310000000000000000e+02 1.000000000000000000e+00
9.180000000000000000e+02 4.310000000000000000e+02 1.000000000000000000e+00
9.190000000000000000e+02 4.310000000000000000e+02 1.000000000000000000e+00
9.200000000000000000e+02 4.310000000000000000e+02 1.000000000000000000e+00
9.210000000000000000e+02 4.310000000000000000e+02 1.000000000000000000e+00
9.220000000000000000e+02 4.310000000000000000e+02 1.000000000000000000e+00
9.230000000000000000e+02 4.310000000000000000e+02 1.000000000000000000e+00
9.240000000000000000e+02 4.310000000000000000e+02 1.000000000000000000e+00
9.250000000000000000e+02 4.310000000000000000e+02 1.000000000000000000e+00
9.100000000000000000e+02 4.320000000000000000e+02 1.000000000000000000e+00
9.110000000000000000e+02 4.320000000000000000e+02 1.000000000000000000e+00
9.120000000000000000e+02 4.320000000000000000e+02 1.000000000000000000e+00
9.130000000000000000e+02 4.320000000000000000e+02 1.000000000000000000e+00
9.140000000000000000e+02 4.320000000000000000e+02 1.000000000000000000e+00
9.150000000000000000e+02 4.320000000000000000e+02 1.000000000000000000e+00
9.160000000000000000e+02 4.320000000000000000e+02 1.000000000000000000e+00
9.170000000000000000e+02 4.320000000000000000e+02 1.000000000000000000e+00
9.180000000000000000e+02 4.320000000000000000e+02 1.000000000000000000e+00
9.190000000000000000e+02 4.320000000000000000e+02 1.000000000000000000e+00
9.200000000000000000e+02 4.320000000000000000e+02 1.000000000000000000e+00
9.210000000000000000e+02 4.320000000000000000e+02 1.000000000000000000e+00
9.220000000000000000e+02 4.320000000000000000e+02 1.000000000000000000e+00
9.230000000000000000e+02 4.320000000000000000e+02 1.000000000000000000e+00
9.240000000000000000e+02 4.320000000000000000e+02 1.000000000000000000e+00
9.250000000000000000e+02 4.320000000000000000e+02 1.000000000000000000e+00
9.100000000000000000e+02 4.330000000000000000e+02 1.000000000000000000e+00
9.110000000000000000e+02 4.330000000000000000e+02 1.000000000000000000e+00
9.120000000000000000e+02 4.330000000000000000e+02 1.000000000000000000e+00
9.130000000000000000e+02 4.330000000000000000e+02 1.000000000000000000e+00
9.140000000000000000e+02 4.330000000000000000e+02 1.000000000000000000e+00
9.150000000000000000e+02 4.330000000000000000e+02 1.000000000000000000e+00
9.160000000000000000e+02 4.330000000000000000e+02 1.000000000000000000e+00
9.170000000000000000e+02 4.330000000000000000e+02 1.000000000000000000e+00
9.180000000000000000e+02 4.330000000000000000e+02 1.000000000000000000e+00
9.190000000000000000e+02 4.330000000000000000e+02 1.000000000000000000e+00
9.200000000000000000e+02 4.330000000000000000e+02 1.000000000000000000e+00
9.210000000000000000e+02 4.330000000000000000e+02 1.000000000000000000e+00
9.220000000000000000e+02 4.330000000000000000e+02 1.000000000000000000e+00
9.230000000000000000e+02 4.330000000000000000e+02 1.000000000000000000e+00
9.240000000000000000e+02 4.330000000000000000e+02 1.000000000000000000e+00
9.250000000000000000e+02 4.330000000000000000e+02 1.000000000000000000e+00
