2.311384584920300078e+00 -4.748595145906826520e-01 2.815918789172874970e+00
2.309352889027772360e+00 -4.736021150327671680e-01 2.807957323140564121e+00
2.292978926884305935e+00 -4.687265900293627885e-01 2.777075875637853741e+00
2.284309986652399704e+00 -4.662101105383605892e-01 2.761136275551744568e+00
2.276409386656109923e+00 -4.638509936675609402e-01 2.746193720315053266e+00
2.262718744686999184e+00 -4.603901882574245041e-01 2.724270361285308528e+00
2.235129264723095588e+00 -4.534685014749863519e-01 2.680422889739916048e+00
2.227831394487451711e+00 -4.512666867999398090e-01 2.666476779988856904e+00
2.220489361458480637e+00 -4.490648560117067034e-01 2.652530510407454134e+00
2.218901093822100545e+00 -4.479647005269784543e-01 2.645564913329895074e+00
2.204018295194191346e+00 -4.435609664411725439e-01 2.617671654930546321e+00
2.196510651690248839e+00 -4.413590752284897167e-01 2.603724785985358281e+00
2.298410713544941419e+00 -4.679022993046640377e-01 2.800151081321231139e+00
2.302853806002057802e+00 -4.679039204063278334e-01 2.800167161395385573e+00
2.286454597619083096e+00 -4.630772374937693336e-01 2.769283559463258992e+00
2.272052388463953854e+00 -4.594953346920862547e-01 2.746361830394792314e+00
2.264128124816636944e+00 -4.571598469142455490e-01 2.731418191261578698e+00
2.250413816857682381e+00 -4.537337015354119263e-01 2.709493282474518150e+00
2.206307013104069625e+00 -4.395702882811376444e-01 2.645873647840673470e+00
2.193178078554625987e+00 -4.363329557345740906e-01 2.624943790717920056e+00
2.179982899815193775e+00 -4.330955990182306370e-01 2.604013693849652089e+00
2.179145618736228140e+00 -4.321717100035432080e-01 2.598044280212518764e+00
2.169931400366607921e+00 -4.289358057758754783e-01 2.577128590908030148e+00
2.163192088411256098e+00 -4.269322492401019797e-01 2.564177036472175875e+00
2.167261374367719817e+00 -4.269337339551508848e-01 2.564191763696641146e+00
2.171330660324184425e+00 -4.269352186701996787e-01 2.564206490921106862e+00
2.170373508806190621e+00 -4.260112859197200952e-01 2.558236643458756454e+00
2.189424776643773995e+00 -4.280193345817227546e-01 2.571232756310958489e+00
2.261109963677624179e+00 -4.520020415919818735e-01 2.754645695903705338e+00
2.265480502974276167e+00 -4.520036362219819748e-01 2.754661513399439432e+00
2.243226557939450139e+00 -4.462060365875718526e-01 2.716791349859012161e+00
2.229557975315320739e+00 -4.428492452241300503e-01 2.694863678342687585e+00
2.216638807017731860e+00 -4.396450820302350015e-01 2.673933182831688349e+00
2.203653394530153520e+00 -4.364408946665601086e-01 2.653002447575174561e+00
2.177483836985032895e+00 -4.300324474298706234e-01 2.611140257825603328e+00
2.165124813899731215e+00 -4.269808433490083766e-01 2.591206253332744236e+00
2.157662896398844676e+00 -4.248451544550475023e-01 2.577256754761374502e+00
2.156783027764472838e+00 -4.239307049926536175e-01 2.571286787692874665e+00
2.150075256317984351e+00 -4.219476459946523428e-01 2.558334482251509279e+00
2.152363844022131545e+00 -4.208819978325494260e-01 2.551381518412402905e+00
2.151405113256820822e+00 -4.199675195966081631e-01 2.545411265932576050e+00
2.155444431603528610e+00 -4.199689933777090434e-01 2.545425884700737829e+00
2.164510189429391218e+00 -4.208864295343290318e-01 2.551425477464964509e+00
2.178494013823243591e+00 -4.219580148302146116e-01 2.558437333077252518e+00
2.230295658848089335e+00 -4.418945248020634819e-01 2.716926433473045854e+00
2.241106297848496798e+00 -4.431047002845661664e-01 2.724921801143595168e+00
2.219573364410766914e+00 -4.375180248496158830e-01 2.688046248453372922e+00
2.212396923146251027e+00 -4.354045019925849580e-01 2.674096851349422099e+00
2.199444625737223991e+00 -4.322334195288321523e-01 2.653164838383290647e+00
2.186426084138208381e+00 -4.290623128952996135e-01 2.632232585671643754e+00
2.166778628880130064e+00 -4.239286620656664284e-01 2.598347447759917106e+00
2.153573972652097712e+00 -4.207574875265618353e-01 2.577414521477539466e+00
2.146916668625896474e+00 -4.187949329719842795e-01 2.564461533529381221e+00
2.140218356291607726e+00 -4.168323634551620027e-01 2.551508397167333797e+00
2.144267138094027469e+00 -4.168338406890884640e-01 2.551523050184854036e+00
2.137507313297606348e+00 -4.148712487288993556e-01 2.538569691201971068e+00
2.145563868594357437e+00 -4.148741882345076681e-01 2.538598848823121923e+00
2.149592146242734092e+00 -4.148756579873119077e-01 2.538613427633697572e+00
2.159484605622272291e+00 -4.159347195732111535e-01 2.545610941967140661e+00
2.178494873838793477e+00 -4.179017812162625356e-01 2.558608636745535847e+00
2.206779675737864821e+00 -4.332522627317914043e-01 2.688179898688406677e+00
2.216732072675733800e+00 -4.343003152472426076e-01 2.695178095795249362e+00
2.196735810688096535e+00 -4.290709129577390812e-01 2.660294835912238032e+00
2.183794546960956318e+00 -4.259329273373153035e-01 2.639361465321317102e+00
2.170787039043827527e+00 -4.227949175471115706e-01 2.618427854984880732e+00
2.141306335048095200e+00 -4.125806614734193745e-01 2.577715253478459090e+00
2.123132451845982427e+00 -4.078499603721064126e-01 2.545820250050173428e+00
2.116445171522999491e+00 -4.059283669402874439e-01 2.532865423305627139e+00
2.114677084195189405e+00 -4.048943314819354322e-01 2.525896380325492352e+00
2.118684857689521195e+00 -4.048957937536172280e-01 2.525910884929122968e+00
2.117713502969165162e+00 -4.040096761839360728e-01 2.519939388855734208e+00
2.136539242486313661e+00 -4.059356984401799040e-01 2.532938146111708200e+00
2.134715951666847022e+00 -4.049016428403446333e-01 2.525968903343644101e+00
2.144576870871639951e+00 -4.059386310401368325e-01 2.532967235234140801e+00
2.153621277224331276e+00 -4.108524110928615247e-01 2.538797979081722556e+00
2.172609468387701970e+00 -4.127989786509664305e-01 2.551796459114988203e+00
2.150016513879500213e+00 -4.144857695666228636e-01 2.618703271162956980e+00
2.154170970937379526e+00 -4.144872853571029969e-01 2.618718306631655945e+00
2.134747450051298401e+00 -4.095144527745011587e-01 2.584827191030845572e+00
2.128224198617155949e+00 -4.076134052200143243e-01 2.571872092771818163e+00
2.121659938874925100e+00 -4.057123427032826024e-01 2.558916846098899800e+00
2.119977020309714355e+00 -4.046893692587060221e-01 2.551947645502206541e+00
2.108408394466196878e+00 -4.019101727830851067e-01 2.533005907511394650e+00
2.100768679986072751e+00 -3.991324098055987202e-01 2.514078388712885914e+00
2.104757526568977966e+00 -3.991338651716291319e-01 2.514092824817798277e+00
2.103776706388210460e+00 -3.982571992391313320e-01 2.508120895185800503e+00
2.117714349954176178e+00 -4.000149006550440811e-01 2.520108097013892046e+00
2.136540093814837782e+00 -4.019204368829346063e-01 2.533107719439908312e+00
2.140558908007501149e+00 -4.019219031829130429e-01 2.533122264001124169e+00
2.149594706242401010e+00 -4.028015080455484287e-01 2.539123345546046906e+00
2.153622983890776332e+00 -4.028029777983525017e-01 2.539137924356622111e+00
2.172611183741173235e+00 -4.047085732997507401e-01 2.552138134729971863e+00
2.122445826327354457e+00 -4.054127584304391685e-01 2.584955700872224593e+00
2.120859117223075962e+00 -4.044008510279346047e-01 2.577986382616557659e+00
2.107831532579190537e+00 -4.006397348813185433e-01 2.552074524257137433e+00
2.101256227795115894e+00 -3.987591543646435421e-01 2.539118372456591999e+00
2.094639914702951966e+00 -3.968785588857237645e-01 2.526162072242156054e+00
2.093725336707475293e+00 -3.960113722130149672e-01 2.520189983046422721e+00
2.092791831800573377e+00 -3.951441786346548413e-01 2.514217825351969804e+00
2.090042917609669981e+00 -3.932649942105025387e-01 2.501275521709003691e+00
2.094011260038531219e+00 -3.932664420954106732e-01 2.501289883606970577e+00
2.108747218132197343e+00 -3.951500000987767103e-01 2.514275569771618368e+00
2.117715196939188083e+00 -3.960201251261518673e-01 2.520276805172049883e+00
2.141539004278872227e+00 -3.987738518926853826e-01 2.539264160562346273e+00
2.145567281927247549e+00 -3.987753216454895666e-01 2.539278739372921478e+00
2.155448709963714293e+00 -3.997902554497157479e-01 2.546278077191945766e+00
2.164514477813068716e+00 -4.006604161562898336e-01 2.552279666502422995e+00
2.178498313900993466e+00 -4.016768467604548976e-01 2.559293851418669608e+00
2.090820472088436688e+00 -3.957309273665039484e-01 2.546214615399608583e+00
2.089172248183211344e+00 -3.947300284589764230e-01 2.539244608662315272e+00
2.066234544310099341e+00 -3.853266380799947877e-01 2.501524237678933282e+00
2.060396029563403619e+00 -3.836286222474614149e-01 2.489563951738608782e+00
2.059432553037347624e+00 -3.827803279151716365e-01 2.483590886969352152e+00
2.063372505099071663e+00 -3.827817654416026949e-01 2.483605146119241880e+00
2.062380638205878913e+00 -3.819334607508358959e-01 2.477631978601907203e+00
2.075192361284243336e+00 -3.827860780208958147e-01 2.483647923568909732e+00
2.089052731990077127e+00 -3.844870206986766292e-01 2.495637241549401697e+00
2.103778392339441083e+00 -3.903054685413840930e-01 2.508456714265115739e+00
2.117716043924199543e+00 -3.920253495972599311e-01 2.520445513330207721e+00
2.147370928942336388e+00 -3.957515603019155503e-01 2.546419278153865040e+00
2.151410247289044175e+00 -3.957530340830164306e-01 2.546433896922025930e+00
2.160466553687384383e+00 -3.966137362467555549e-01 2.552435851292393920e+00
2.179475266378851028e+00 -3.984783671725696252e-01 2.565437866212772366e+00
2.189430827157214932e+00 -3.994822970855865241e-01 2.572437938179235939e+00
2.074603594200423728e+00 -3.848585556706107247e-01 2.526596871626228147e+00
2.068861287244077474e+00 -3.831794851218235931e-01 2.514636135269221473e+00
2.061341417810135468e+00 -3.805215303535793292e-01 2.495703992378762948e+00
2.055493435598330532e+00 -3.788424212482386921e-01 2.483742873570578436e+00
2.054520493611864396e+00 -3.780035785531323800e-01 2.477769375242712346e+00
2.058450982217874703e+00 -3.780050126267377464e-01 2.477783600143243170e+00
2.062381470823886342e+00 -3.780064467003430573e-01 2.477797825043773106e+00
2.080143943777989168e+00 -3.796899029132338454e-01 2.489802063795217180e+00
2.089053570622179556e+00 -3.805316413781563156e-01 2.495804285919017484e+00
2.097982124377794300e+00 -3.813733867487301143e-01 2.501806576541535598e+00
2.117716890909210559e+00 -3.880305740683678839e-01 2.520614221488365558e+00
2.152369847759279864e+00 -3.925655791032946484e-01 2.552577383064845051e+00
2.156418629561700051e+00 -3.925670563372211097e-01 2.552592036082365290e+00
2.166320566429840166e+00 -3.935599357458816061e-01 2.559592379829918052e+00
2.190387281829238919e+00 -3.962538688982161217e-01 2.578583143245684717e+00
2.200363349100461274e+00 -3.972467753540112056e-01 2.585583755279885043e+00
2.074604443190133374e+00 -3.808543250517095191e-01 2.526765979093636094e+00
2.068862132224390749e+00 -3.791941646829408152e-01 2.514804444118129645e+00
2.061342256442237009e+00 -3.765661510330591266e-01 2.495871036748378735e+00
2.055494270221035702e+00 -3.749059521077368617e-01 2.483909119321694448e+00
2.054521326229871381e+00 -3.740765645026398745e-01 2.477935221684578249e+00
2.058451814835882132e+00 -3.740779985762451854e-01 2.477949446585108628e+00
2.067314126406206043e+00 -3.749102646870299260e-01 2.483951896771362744e+00
2.080144780405392524e+00 -3.757439786827228012e-01 2.489968708855583301e+00
2.094014622585733232e+00 -3.774071044532925634e-01 2.501959658322434610e+00
2.103780921266285908e+00 -3.783778724947632344e-01 2.508960442884089037e+00
2.122697725122110857e+00 -3.808718723118916794e-01 2.526940034337201268e+00
2.158202641459436855e+00 -3.854445059935314721e-01 2.559905601216272863e+00
2.167269994570203639e+00 -3.862768469155395401e-01 2.565908793471976423e+00
2.182209434335744991e+00 -3.880785350412449541e-01 2.578898676678014645e+00
2.202139496836785781e+00 -3.900202161428654724e-01 2.592901684274410812e+00
2.206251368343957076e+00 -3.900217163956299915e-01 2.592916565620992930e+00
2.074605292179843019e+00 -3.768500944328082025e-01 2.526935086561044042e+00
2.068862977204703579e+00 -3.752088442440579819e-01 2.514972752967037817e+00
2.061343095074339438e+00 -3.726107717125387575e-01 2.496038081117994967e+00
2.055495104843741316e+00 -3.709694829672349203e-01 2.484075365072810460e+00
2.054522158847878810e+00 -3.701495504521470359e-01 2.478101068126443707e+00
2.058452647453889561e+00 -3.701509845257524023e-01 2.478115293026974530e+00
2.067314961028912546e+00 -3.709737955465279846e-01 2.484118142522478312e+00
2.080145617032796768e+00 -3.717980544522116459e-01 2.490135353915948979e+00
2.094015463222533402e+00 -3.734422700427629804e-01 2.502127102001300507e+00
2.108751443033763717e+00 -3.752233979043625434e-01 2.515117114016157451e+00
2.148323638987066797e+00 -3.804284938425445128e-01 2.553075243469799638e+00
2.169032651319488636e+00 -3.831679747996379337e-01 2.573052777622281351e+00
2.178120510588998027e+00 -3.839908681127592316e-01 2.579056443394179610e+00
2.188063462781670410e+00 -3.849506696686321172e-01 2.586058333137998488e+00
2.208015611357003305e+00 -3.868702969501577327e-01 2.600062352371149021e+00
2.217183910000070757e+00 -3.876932196122974683e-01 2.606066309262601521e+00
2.080282654417227484e+00 -3.737930777825183570e-01 2.534091108880279553e+00
2.073738868424450654e+00 -3.720354249453820539e-01 2.521129880224014297e+00
2.066237906857300466e+00 -3.694673004378766223e-01 2.502194012394397316e+00
2.060399376073019262e+00 -3.678449253254169604e-01 2.490230531980072382e+00
2.059435891528169638e+00 -3.670344513531640929e-01 2.484255869973815312e+00
2.063375843589894121e+00 -3.670358888795950958e-01 2.484270129123704596e+00
2.072247622625327690e+00 -3.678492482631871008e-01 2.490273412177817836e+00
2.085097207545335785e+00 -3.686640589845129878e-01 2.496291091379257310e+00
2.104763441431170889e+00 -3.712366220994492982e-01 2.515270986760153260e+00
2.118691649607199246e+00 -3.728619488024073059e-01 2.527263744668386547e+00
2.154144538989785307e+00 -3.773305575034044401e-01 2.560233515577733154e+00
2.174031586842250618e+00 -3.799032011842736756e-01 2.579214210110345018e+00
2.189805624398053041e+00 -3.817992421665668545e-01 2.593204039972983210e+00
2.220648444301161817e+00 -3.854560464064765712e-01 2.620185951456319273e+00
2.230678147176682113e+00 -3.864048486749075972e-01 2.627188621013389014e+00
2.234843644932893003e+00 -3.864063684936843712e-01 2.627203696439672775e+00
2.095691190909079182e+00 -3.723188844502839934e-01 2.553226429857017976e+00
2.084302319938414971e+00 -3.697792825252514404e-01 2.534275226769695522e+00
2.082622537147925890e+00 -3.688445577383693830e-01 2.527302310703121169e+00
2.101263054460896118e+00 -3.665614211866071170e-01 2.540478153556190222e+00
2.111023053526233095e+00 -3.674880631728177360e-01 2.547480778728105744e+00
2.115062371872940439e+00 -3.674895369539185608e-01 2.547495397496266634e+00
2.096786593245672403e+00 -3.672483909285055304e-01 2.515410423399237150e+00
2.105726195718411908e+00 -3.680523199673391144e-01 2.521414351216341831e+00
2.125431867017927967e+00 -3.705949563506867328e-01 2.540395653782193008e+00
2.140227790735697244e+00 -3.723351340234757889e-01 2.553387613049741933e+00
2.181582752425101024e+00 -3.776880050520352583e-01 2.593347777148978572e+00
2.202354867826929574e+00 -3.803644750945718855e-01 2.613328201692188824e+00
2.218182536309399211e+00 -3.822384737661891352e-01 2.627319157356112544e+00
2.244106154196193970e+00 -3.850502679376732185e-01 2.648313488183412279e+00
2.260055270360310509e+00 -3.869243109205535713e-01 2.662304883380779863e+00
2.264275971608178395e+00 -3.869258508808136043e-01 2.662320158594992492e+00
2.128130164914656230e+00 -3.694520285480916710e-01 2.593501319381731562e+00
2.130655306268217419e+00 -3.685408998434483441e-01 2.586542689725521260e+00
2.140465779436169669e+00 -3.694565293063851175e-01 2.593545963421477030e+00
2.144577650943341407e+00 -3.694580295591496366e-01 2.593560844768059148e+00
2.154421246206288387e+00 -3.703736711069763876e-01 2.600564238336772416e+00
2.163466527943882944e+00 -3.711587285223452159e-01 2.606569347223555155e+00
2.200555508520166015e+00 -3.757325108898800781e-01 2.641542418805053583e+00
2.216294860771242714e+00 -3.775623535817477783e-01 2.655534918251457821e+00
2.179995155203842128e+00 -3.752934820952484873e-01 2.606454804398461889e+00
2.205686925442117197e+00 -3.780720988574708397e-01 2.627449693698836075e+00
2.227312564209166901e+00 -3.808492320555861843e-01 2.648429867191198106e+00
2.243173359464260663e+00 -3.827011809354052274e-01 2.662421874449462766e+00
2.253236189112403753e+00 -3.836279334120380469e-01 2.669425595600873447e+00
2.273428092598680728e+00 -3.854814625350834190e-01 2.683433277649208470e+00
2.277681915941542456e+00 -3.854830145802333741e-01 2.683448672736178597e+00
2.281935739284403741e+00 -3.854845666253833292e-01 2.683464067823148724e+00
2.161379239773225436e+00 -3.706333203426084300e-01 2.634609092121573237e+00
2.175430920681905800e+00 -3.715394663085835880e-01 2.641628181099478834e+00
2.185328144532705519e+00 -3.724440964840785018e-01 2.648632234608685909e+00
2.200968135176428753e+00 -3.742518410445883070e-01 2.662625306158402871e+00
2.210920562518885468e+00 -3.751564913615665908e-01 2.669629559455539702e+00
2.242399276376296768e+00 -3.787720529919258450e-01 2.697616421791516395e+00
2.259028427236361658e+00 -3.807088754685435950e-01 2.712608535270116583e+00
2.275704895374989434e+00 -3.826457152092899716e-01 2.727600819995513071e+00
2.309199783487935864e+00 -3.865194464831679388e-01 2.757585903186693610e+00
2.319379333767498608e+00 -3.874241796679628314e-01 2.764590978468451699e+00
2.274705283986727888e+00 -3.840983081769972496e-01 2.705516087012378890e+00
2.284824896707961628e+00 -3.850140504322401847e-01 2.712520479520736050e+00
2.299277194902998200e+00 -3.859313735061804529e-01 2.719540552527391242e+00
2.303587798980136547e+00 -3.859329462682845602e-01 2.719556153110516572e+00
2.302023150223188708e+00 -3.850203253674699955e-01 2.712582722022895521e+00
2.292088701420558206e+00 -3.778891635334196142e-01 2.690828019372649038e+00
2.195439274163874188e+00 -3.718128296132216515e-01 2.676720785538658554e+00
2.221020658468167319e+00 -3.744921276473808236e-01 2.697719468010301380e+00
2.243241168180310829e+00 -3.772973406004352381e-01 2.719701515673579983e+00
2.259810388832605987e+00 -3.792105034841340427e-01 2.734694410512697349e+00
2.293090781972888514e+00 -3.830368810439168104e-01 2.764680713931319644e+00
2.310623927293742330e+00 -3.850775367878535027e-01 2.780672625919237806e+00
2.327383994302911319e+00 -3.869907693035370411e-01 2.795666211453765371e+00
2.345016505908748883e+00 -3.890314613021434442e-01 2.811658483059955582e+00
2.379604662608483689e+00 -3.929854571748311320e-01 2.842645048020763010e+00
2.391577998941379235e+00 -3.941340962267271264e-01 2.851648138261658527e+00
2.393118477366228625e+00 -3.929903878099236247e-01 2.842693956105732056e+00
2.390946356094940661e+00 -3.919724659819938117e-01 2.834721866206924012e+00
2.376206478695212621e+00 -3.890428412401633618e-01 2.811771363239723875e+00
2.230310269088949582e+00 -3.729858288149270340e-01 2.719836599287614121e+00
2.269866781491021168e+00 -3.777717433413244064e-01 2.757812374369077002e+00
2.298707246682916150e+00 -3.815492255003393729e-01 2.787784605676248972e+00
2.322738897797176794e+00 -3.845715612289825058e-01 2.811765862465365640e+00
2.357082592248608499e+00 -3.884766166052922021e-01 2.842753605748852497e+00
2.375560741006572218e+00 -3.906179688821225238e-01 2.859745597763061475e+00
2.393268965603973175e+00 -3.926334749299766336e-01 2.875739208188791807e+00
2.429663534985016859e+00 -3.967904092168264008e-01 2.908725564114633233e+00
2.441726777154231254e+00 -3.979248984355526209e-01 2.917729578688315950e+00
2.452988550310505556e+00 -3.989335299158836001e-01 2.925735097508989746e+00
2.448098346713369455e+00 -3.967971353212803032e-01 2.908792281866397378e+00
2.343569731727230376e+00 -3.839710631258146933e-01 2.842894768866920607e+00
2.400070444485726817e+00 -3.911830669898458956e-01 2.900847629769374603e+00
2.418613265871039530e+00 -3.932976534392924051e-01 2.917840987197079627e+00
2.437209713505390951e+00 -3.954122594547512248e-01 2.934834538704487183e+00
2.448447830695315464e+00 -3.964082755163390037e-01 2.942840504314096606e+00
2.480093530239380950e+00 -3.997675373356716633e-01 2.969837899526117209e+00
2.427911276000112029e+00 -3.907632655868422678e-01 2.934997076945697003e+00
2.453891298647816299e+00 -3.939554987070006953e-01 2.960980036022610840e+00
2.465979782713024981e+00 -3.950616318632344526e-01 2.969985339855668371e+00
