3.582720000000000000e+05
3.582730000000000000e+05
3.582750000000000000e+05
3.582760000000000000e+05
3.582770000000000000e+05
3.582780000000000000e+05
3.582800000000000000e+05
3.582810000000000000e+05
3.582820000000000000e+05
3.582830000000000000e+05
3.582850000000000000e+05
3.582860000000000000e+05
3.595520000000000000e+05
3.595530000000000000e+05
3.595550000000000000e+05
3.595560000000000000e+05
3.595570000000000000e+05
3.595580000000000000e+05
3.608400000000000000e+05
3.608410000000000000e+05
3.608420000000000000e+05
3.608430000000000000e+05
3.608450000000000000e+05
3.608460000000000000e+05
3.608470000000000000e+05
3.608480000000000000e+05
3.608490000000000000e+05
3.608510000000000000e+05
3.621120000000000000e+05
3.621130000000000000e+05
3.621150000000000000e+05
3.621160000000000000e+05
3.621170000000000000e+05
3.621180000000000000e+05
3.621200000000000000e+05
3.621210000000000000e+05
3.621220000000000000e+05
3.621230000000000000e+05
3.621240000000000000e+05
3.621260000000000000e+05
3.621270000000000000e+05
3.621280000000000000e+05
3.621290000000000000e+05
3.621310000000000000e+05
3.633920000000000000e+05
3.633930000000000000e+05
3.633950000000000000e+05
3.633960000000000000e+05
3.633970000000000000e+05
3.633980000000000000e+05
3.634000000000000000e+05
3.634010000000000000e+05
3.634020000000000000e+05
3.634030000000000000e+05
3.634040000000000000e+05
3.634050000000000000e+05
3.634070000000000000e+05
3.634080000000000000e+05
3.634090000000000000e+05
3.634110000000000000e+05
3.646720000000000000e+05
3.646730000000000000e+05
3.646750000000000000e+05
3.646760000000000000e+05
3.646770000000000000e+05
3.659580000000000000e+05
3.659600000000000000e+05
3.659610000000000000e+05
3.659620000000000000e+05
3.659630000000000000e+05
3.659640000000000000e+05
3.659660000000000000e+05
3.659670000000000000e+05
3.659680000000000000e+05
3.646890000000000000e+05
3.646910000000000000e+05
3.672320000000000000e+05
3.672330000000000000e+05
3.672350000000000000e+05
3.672360000000000000e+05
3.672370000000000000e+05
3.672380000000000000e+05
3.672390000000000000e+05
3.672410000000000000e+05
3.672420000000000000e+05
3.672430000000000000e+05
3.672440000000000000e+05
3.672460000000000000e+05
3.672470000000000000e+05
3.672480000000000000e+05
3.672490000000000000e+05
3.672510000000000000e+05
3.685120000000000000e+05
3.685130000000000000e+05
3.685150000000000000e+05
3.685160000000000000e+05
3.685170000000000000e+05
3.685180000000000000e+05
3.685190000000000000e+05
3.685210000000000000e+05
3.685220000000000000e+05
3.685230000000000000e+05
3.685240000000000000e+05
3.685260000000000000e+05
3.685270000000000000e+05
3.685280000000000000e+05
3.685290000000000000e+05
3.685310000000000000e+05
3.697920000000000000e+05
3.697930000000000000e+05
3.710750000000000000e+05
3.710760000000000000e+05
3.710770000000000000e+05
3.710780000000000000e+05
3.710790000000000000e+05
3.710810000000000000e+05
3.710820000000000000e+05
3.698030000000000000e+05
3.698040000000000000e+05
3.698060000000000000e+05
3.698070000000000000e+05
3.698080000000000000e+05
3.698100000000000000e+05
3.698110000000000000e+05
3.723520000000000000e+05
3.723530000000000000e+05
3.723550000000000000e+05
3.723560000000000000e+05
3.723570000000000000e+05
3.723580000000000000e+05
3.723590000000000000e+05
3.723610000000000000e+05
3.723620000000000000e+05
3.723630000000000000e+05
3.710840000000000000e+05
3.710860000000000000e+05
3.710870000000000000e+05
3.710880000000000000e+05
3.710900000000000000e+05
3.710910000000000000e+05
3.736320000000000000e+05
3.736330000000000000e+05
3.736350000000000000e+05
3.736360000000000000e+05
3.736370000000000000e+05
3.736380000000000000e+05
3.736390000000000000e+05
3.736410000000000000e+05
3.736420000000000000e+05
3.736430000000000000e+05
3.736440000000000000e+05
3.736460000000000000e+05
3.736470000000000000e+05
3.736480000000000000e+05
3.736500000000000000e+05
3.736510000000000000e+05
3.749120000000000000e+05
3.749130000000000000e+05
3.749150000000000000e+05
3.749160000000000000e+05
3.749170000000000000e+05
3.749180000000000000e+05
3.749190000000000000e+05
3.749210000000000000e+05
3.749220000000000000e+05
3.749230000000000000e+05
3.749250000000000000e+05
3.749260000000000000e+05
3.749270000000000000e+05
3.749280000000000000e+05
3.749300000000000000e+05
3.749310000000000000e+05
3.761920000000000000e+05
3.761930000000000000e+05
3.761950000000000000e+05
3.761960000000000000e+05
3.761970000000000000e+05
3.761980000000000000e+05
3.761990000000000000e+05
3.762010000000000000e+05
3.762020000000000000e+05
3.762030000000000000e+05
3.762050000000000000e+05
3.762060000000000000e+05
3.762070000000000000e+05
3.762090000000000000e+05
3.762100000000000000e+05
3.762110000000000000e+05
3.774720000000000000e+05
3.774730000000000000e+05
3.774740000000000000e+05
3.787560000000000000e+05
3.787570000000000000e+05
3.787580000000000000e+05
3.774800000000000000e+05
3.774810000000000000e+05
3.774820000000000000e+05
3.774830000000000000e+05
3.774850000000000000e+05
3.774860000000000000e+05
3.774870000000000000e+05
3.774890000000000000e+05
3.774900000000000000e+05
3.774910000000000000e+05
3.800320000000000000e+05
3.800340000000000000e+05
3.800350000000000000e+05
3.800360000000000000e+05
3.800370000000000000e+05
3.800380000000000000e+05
3.800400000000000000e+05
3.800410000000000000e+05
3.787620000000000000e+05
3.787640000000000000e+05
3.787650000000000000e+05
3.787660000000000000e+05
3.787670000000000000e+05
3.787690000000000000e+05
3.787700000000000000e+05
3.787710000000000000e+05
3.813120000000000000e+05
3.813140000000000000e+05
3.813150000000000000e+05
3.813160000000000000e+05
3.813170000000000000e+05
3.813190000000000000e+05
3.813200000000000000e+05
3.813210000000000000e+05
3.813230000000000000e+05
3.813240000000000000e+05
3.800450000000000000e+05
3.800460000000000000e+05
3.800480000000000000e+05
3.800490000000000000e+05
3.800500000000000000e+05
3.813320000000000000e+05
3.825920000000000000e+05
3.825940000000000000e+05
3.825950000000000000e+05
3.825960000000000000e+05
3.825980000000000000e+05
3.825990000000000000e+05
3.826000000000000000e+05
3.826010000000000000e+05
3.826030000000000000e+05
3.826040000000000000e+05
3.826060000000000000e+05
3.826070000000000000e+05
3.826080000000000000e+05
3.838720000000000000e+05
3.838740000000000000e+05
3.838750000000000000e+05
3.838760000000000000e+05
3.838780000000000000e+05
3.838790000000000000e+05
3.838800000000000000e+05
3.838820000000000000e+05
3.838830000000000000e+05
3.838840000000000000e+05
3.838860000000000000e+05
3.851550000000000000e+05
3.851570000000000000e+05
3.851580000000000000e+05
3.851590000000000000e+05
3.851600000000000000e+05
3.851620000000000000e+05
3.864370000000000000e+05
3.864380000000000000e+05
3.864390000000000000e+05
